# Created by Octave 3.8.0, Sat Jun 01 19:26:04 2019 MSK <infosec@RACAs-MacBook-Air.local>
# name: data_lab
# type: matrix
# rows: 1000
# columns: 2
 1 6.50516004712974
 2 10.50516004712974
 3 14.50516004712974
 4 18.50516004712974
 5 22.50516004712974
 6 26.50516004712974
 7 30.50516004712974
 8 34.50516004712974
 9 38.50516004712974
 10 42.50516004712974
 11 46.50516004712974
 12 50.50516004712974
 13 54.50516004712974
 14 58.50516004712974
 15 62.50516004712974
 16 66.50516004712973
 17 70.50516004712973
 18 74.50516004712973
 19 78.50516004712973
 20 82.50516004712973
 21 86.50516004712973
 22 90.50516004712973
 23 94.50516004712973
 24 98.50516004712973
 25 102.5051600471297
 26 106.5051600471297
 27 110.5051600471297
 28 114.5051600471297
 29 118.5051600471297
 30 122.5051600471297
 31 126.5051600471297
 32 130.5051600471297
 33 134.5051600471297
 34 138.5051600471297
 35 142.5051600471297
 36 146.5051600471297
 37 150.5051600471297
 38 154.5051600471297
 39 158.5051600471297
 40 162.5051600471297
 41 166.5051600471297
 42 170.5051600471297
 43 174.5051600471297
 44 178.5051600471297
 45 182.5051600471297
 46 186.5051600471297
 47 190.5051600471297
 48 194.5051600471297
 49 198.5051600471297
 50 202.5051600471297
 51 206.5051600471297
 52 210.5051600471297
 53 214.5051600471297
 54 218.5051600471297
 55 222.5051600471297
 56 226.5051600471297
 57 230.5051600471297
 58 234.5051600471297
 59 238.5051600471297
 60 242.5051600471297
 61 246.5051600471297
 62 250.5051600471297
 63 254.5051600471297
 64 258.5051600471297
 65 262.5051600471297
 66 266.5051600471297
 67 270.5051600471297
 68 274.5051600471297
 69 278.5051600471297
 70 282.5051600471297
 71 286.5051600471297
 72 290.5051600471297
 73 294.5051600471297
 74 298.5051600471297
 75 302.5051600471297
 76 306.5051600471297
 77 310.5051600471297
 78 314.5051600471297
 79 318.5051600471297
 80 322.5051600471297
 81 326.5051600471297
 82 330.5051600471297
 83 334.5051600471297
 84 338.5051600471297
 85 342.5051600471297
 86 346.5051600471297
 87 350.5051600471297
 88 354.5051600471297
 89 358.5051600471297
 90 362.5051600471297
 91 366.5051600471297
 92 370.5051600471297
 93 374.5051600471297
 94 378.5051600471297
 95 382.5051600471297
 96 386.5051600471297
 97 390.5051600471297
 98 394.5051600471297
 99 398.5051600471297
 100 402.5051600471297
 101 406.5051600471297
 102 410.5051600471297
 103 414.5051600471297
 104 418.5051600471297
 105 422.5051600471297
 106 426.5051600471297
 107 430.5051600471297
 108 434.5051600471297
 109 438.5051600471297
 110 442.5051600471297
 111 446.5051600471297
 112 450.5051600471297
 113 454.5051600471297
 114 458.5051600471297
 115 462.5051600471297
 116 466.5051600471297
 117 470.5051600471297
 118 474.5051600471297
 119 478.5051600471297
 120 482.5051600471297
 121 486.5051600471297
 122 490.5051600471297
 123 494.5051600471297
 124 498.5051600471297
 125 502.5051600471297
 126 506.5051600471297
 127 510.5051600471297
 128 514.5051600471297
 129 518.5051600471297
 130 522.5051600471297
 131 526.5051600471297
 132 530.5051600471297
 133 534.5051600471297
 134 538.5051600471297
 135 542.5051600471297
 136 546.5051600471297
 137 550.5051600471297
 138 554.5051600471297
 139 558.5051600471297
 140 562.5051600471297
 141 566.5051600471297
 142 570.5051600471297
 143 574.5051600471297
 144 578.5051600471297
 145 582.5051600471297
 146 586.5051600471297
 147 590.5051600471297
 148 594.5051600471297
 149 598.5051600471297
 150 602.5051600471297
 151 606.5051600471297
 152 610.5051600471297
 153 614.5051600471297
 154 618.5051600471297
 155 622.5051600471297
 156 626.5051600471297
 157 630.5051600471297
 158 634.5051600471297
 159 638.5051600471297
 160 642.5051600471297
 161 646.5051600471297
 162 650.5051600471297
 163 654.5051600471297
 164 658.5051600471297
 165 662.5051600471297
 166 666.5051600471297
 167 670.5051600471297
 168 674.5051600471297
 169 678.5051600471297
 170 682.5051600471297
 171 686.5051600471297
 172 690.5051600471297
 173 694.5051600471297
 174 698.5051600471297
 175 702.5051600471297
 176 706.5051600471297
 177 710.5051600471297
 178 714.5051600471297
 179 718.5051600471297
 180 722.5051600471297
 181 726.5051600471297
 182 730.5051600471297
 183 734.5051600471297
 184 738.5051600471297
 185 742.5051600471297
 186 746.5051600471297
 187 750.5051600471297
 188 754.5051600471297
 189 758.5051600471297
 190 762.5051600471297
 191 766.5051600471297
 192 770.5051600471297
 193 774.5051600471297
 194 778.5051600471297
 195 782.5051600471297
 196 786.5051600471297
 197 790.5051600471297
 198 794.5051600471297
 199 798.5051600471297
 200 802.5051600471297
 201 806.5051600471297
 202 810.5051600471297
 203 814.5051600471297
 204 818.5051600471297
 205 822.5051600471297
 206 826.5051600471297
 207 830.5051600471297
 208 834.5051600471297
 209 838.5051600471297
 210 842.5051600471297
 211 846.5051600471297
 212 850.5051600471297
 213 854.5051600471297
 214 858.5051600471297
 215 862.5051600471297
 216 866.5051600471297
 217 870.5051600471297
 218 874.5051600471297
 219 878.5051600471297
 220 882.5051600471297
 221 886.5051600471297
 222 890.5051600471297
 223 894.5051600471297
 224 898.5051600471297
 225 902.5051600471297
 226 906.5051600471297
 227 910.5051600471297
 228 914.5051600471297
 229 918.5051600471297
 230 922.5051600471297
 231 926.5051600471297
 232 930.5051600471297
 233 934.5051600471297
 234 938.5051600471297
 235 942.5051600471297
 236 946.5051600471297
 237 950.5051600471297
 238 954.5051600471297
 239 958.5051600471297
 240 962.5051600471297
 241 966.5051600471297
 242 970.5051600471297
 243 974.5051600471297
 244 978.5051600471297
 245 982.5051600471297
 246 986.5051600471297
 247 990.5051600471297
 248 994.5051600471297
 249 998.5051600471297
 250 1002.50516004713
 251 1006.50516004713
 252 1010.50516004713
 253 1014.50516004713
 254 1018.50516004713
 255 1022.50516004713
 256 1026.50516004713
 257 1030.50516004713
 258 1034.50516004713
 259 1038.50516004713
 260 1042.50516004713
 261 1046.50516004713
 262 1050.50516004713
 263 1054.50516004713
 264 1058.50516004713
 265 1062.50516004713
 266 1066.50516004713
 267 1070.50516004713
 268 1074.50516004713
 269 1078.50516004713
 270 1082.50516004713
 271 1086.50516004713
 272 1090.50516004713
 273 1094.50516004713
 274 1098.50516004713
 275 1102.50516004713
 276 1106.50516004713
 277 1110.50516004713
 278 1114.50516004713
 279 1118.50516004713
 280 1122.50516004713
 281 1126.50516004713
 282 1130.50516004713
 283 1134.50516004713
 284 1138.50516004713
 285 1142.50516004713
 286 1146.50516004713
 287 1150.50516004713
 288 1154.50516004713
 289 1158.50516004713
 290 1162.50516004713
 291 1166.50516004713
 292 1170.50516004713
 293 1174.50516004713
 294 1178.50516004713
 295 1182.50516004713
 296 1186.50516004713
 297 1190.50516004713
 298 1194.50516004713
 299 1198.50516004713
 300 1202.50516004713
 301 1206.50516004713
 302 1210.50516004713
 303 1214.50516004713
 304 1218.50516004713
 305 1222.50516004713
 306 1226.50516004713
 307 1230.50516004713
 308 1234.50516004713
 309 1238.50516004713
 310 1242.50516004713
 311 1246.50516004713
 312 1250.50516004713
 313 1254.50516004713
 314 1258.50516004713
 315 1262.50516004713
 316 1266.50516004713
 317 1270.50516004713
 318 1274.50516004713
 319 1278.50516004713
 320 1282.50516004713
 321 1286.50516004713
 322 1290.50516004713
 323 1294.50516004713
 324 1298.50516004713
 325 1302.50516004713
 326 1306.50516004713
 327 1310.50516004713
 328 1314.50516004713
 329 1318.50516004713
 330 1322.50516004713
 331 1326.50516004713
 332 1330.50516004713
 333 1334.50516004713
 334 1338.50516004713
 335 1342.50516004713
 336 1346.50516004713
 337 1350.50516004713
 338 1354.50516004713
 339 1358.50516004713
 340 1362.50516004713
 341 1366.50516004713
 342 1370.50516004713
 343 1374.50516004713
 344 1378.50516004713
 345 1382.50516004713
 346 1386.50516004713
 347 1390.50516004713
 348 1394.50516004713
 349 1398.50516004713
 350 1402.50516004713
 351 1406.50516004713
 352 1410.50516004713
 353 1414.50516004713
 354 1418.50516004713
 355 1422.50516004713
 356 1426.50516004713
 357 1430.50516004713
 358 1434.50516004713
 359 1438.50516004713
 360 1442.50516004713
 361 1446.50516004713
 362 1450.50516004713
 363 1454.50516004713
 364 1458.50516004713
 365 1462.50516004713
 366 1466.50516004713
 367 1470.50516004713
 368 1474.50516004713
 369 1478.50516004713
 370 1482.50516004713
 371 1486.50516004713
 372 1490.50516004713
 373 1494.50516004713
 374 1498.50516004713
 375 1502.50516004713
 376 1506.50516004713
 377 1510.50516004713
 378 1514.50516004713
 379 1518.50516004713
 380 1522.50516004713
 381 1526.50516004713
 382 1530.50516004713
 383 1534.50516004713
 384 1538.50516004713
 385 1542.50516004713
 386 1546.50516004713
 387 1550.50516004713
 388 1554.50516004713
 389 1558.50516004713
 390 1562.50516004713
 391 1566.50516004713
 392 1570.50516004713
 393 1574.50516004713
 394 1578.50516004713
 395 1582.50516004713
 396 1586.50516004713
 397 1590.50516004713
 398 1594.50516004713
 399 1598.50516004713
 400 1602.50516004713
 401 1606.50516004713
 402 1610.50516004713
 403 1614.50516004713
 404 1618.50516004713
 405 1622.50516004713
 406 1626.50516004713
 407 1630.50516004713
 408 1634.50516004713
 409 1638.50516004713
 410 1642.50516004713
 411 1646.50516004713
 412 1650.50516004713
 413 1654.50516004713
 414 1658.50516004713
 415 1662.50516004713
 416 1666.50516004713
 417 1670.50516004713
 418 1674.50516004713
 419 1678.50516004713
 420 1682.50516004713
 421 1686.50516004713
 422 1690.50516004713
 423 1694.50516004713
 424 1698.50516004713
 425 1702.50516004713
 426 1706.50516004713
 427 1710.50516004713
 428 1714.50516004713
 429 1718.50516004713
 430 1722.50516004713
 431 1726.50516004713
 432 1730.50516004713
 433 1734.50516004713
 434 1738.50516004713
 435 1742.50516004713
 436 1746.50516004713
 437 1750.50516004713
 438 1754.50516004713
 439 1758.50516004713
 440 1762.50516004713
 441 1766.50516004713
 442 1770.50516004713
 443 1774.50516004713
 444 1778.50516004713
 445 1782.50516004713
 446 1786.50516004713
 447 1790.50516004713
 448 1794.50516004713
 449 1798.50516004713
 450 1802.50516004713
 451 1806.50516004713
 452 1810.50516004713
 453 1814.50516004713
 454 1818.50516004713
 455 1822.50516004713
 456 1826.50516004713
 457 1830.50516004713
 458 1834.50516004713
 459 1838.50516004713
 460 1842.50516004713
 461 1846.50516004713
 462 1850.50516004713
 463 1854.50516004713
 464 1858.50516004713
 465 1862.50516004713
 466 1866.50516004713
 467 1870.50516004713
 468 1874.50516004713
 469 1878.50516004713
 470 1882.50516004713
 471 1886.50516004713
 472 1890.50516004713
 473 1894.50516004713
 474 1898.50516004713
 475 1902.50516004713
 476 1906.50516004713
 477 1910.50516004713
 478 1914.50516004713
 479 1918.50516004713
 480 1922.50516004713
 481 1926.50516004713
 482 1930.50516004713
 483 1934.50516004713
 484 1938.50516004713
 485 1942.50516004713
 486 1946.50516004713
 487 1950.50516004713
 488 1954.50516004713
 489 1958.50516004713
 490 1962.50516004713
 491 1966.50516004713
 492 1970.50516004713
 493 1974.50516004713
 494 1978.50516004713
 495 1982.50516004713
 496 1986.50516004713
 497 1990.50516004713
 498 1994.50516004713
 499 1998.50516004713
 500 2002.50516004713
 501 2006.50516004713
 502 2010.50516004713
 503 2014.50516004713
 504 2018.50516004713
 505 2022.50516004713
 506 2026.50516004713
 507 2030.50516004713
 508 2034.50516004713
 509 2038.50516004713
 510 2042.50516004713
 511 2046.50516004713
 512 2050.50516004713
 513 2054.50516004713
 514 2058.50516004713
 515 2062.50516004713
 516 2066.50516004713
 517 2070.50516004713
 518 2074.50516004713
 519 2078.50516004713
 520 2082.50516004713
 521 2086.50516004713
 522 2090.50516004713
 523 2094.50516004713
 524 2098.50516004713
 525 2102.50516004713
 526 2106.50516004713
 527 2110.50516004713
 528 2114.50516004713
 529 2118.50516004713
 530 2122.50516004713
 531 2126.50516004713
 532 2130.50516004713
 533 2134.50516004713
 534 2138.50516004713
 535 2142.50516004713
 536 2146.50516004713
 537 2150.50516004713
 538 2154.50516004713
 539 2158.50516004713
 540 2162.50516004713
 541 2166.50516004713
 542 2170.50516004713
 543 2174.50516004713
 544 2178.50516004713
 545 2182.50516004713
 546 2186.50516004713
 547 2190.50516004713
 548 2194.50516004713
 549 2198.50516004713
 550 2202.50516004713
 551 2206.50516004713
 552 2210.50516004713
 553 2214.50516004713
 554 2218.50516004713
 555 2222.50516004713
 556 2226.50516004713
 557 2230.50516004713
 558 2234.50516004713
 559 2238.50516004713
 560 2242.50516004713
 561 2246.50516004713
 562 2250.50516004713
 563 2254.50516004713
 564 2258.50516004713
 565 2262.50516004713
 566 2266.50516004713
 567 2270.50516004713
 568 2274.50516004713
 569 2278.50516004713
 570 2282.50516004713
 571 2286.50516004713
 572 2290.50516004713
 573 2294.50516004713
 574 2298.50516004713
 575 2302.50516004713
 576 2306.50516004713
 577 2310.50516004713
 578 2314.50516004713
 579 2318.50516004713
 580 2322.50516004713
 581 2326.50516004713
 582 2330.50516004713
 583 2334.50516004713
 584 2338.50516004713
 585 2342.50516004713
 586 2346.50516004713
 587 2350.50516004713
 588 2354.50516004713
 589 2358.50516004713
 590 2362.50516004713
 591 2366.50516004713
 592 2370.50516004713
 593 2374.50516004713
 594 2378.50516004713
 595 2382.50516004713
 596 2386.50516004713
 597 2390.50516004713
 598 2394.50516004713
 599 2398.50516004713
 600 2402.50516004713
 601 2406.50516004713
 602 2410.50516004713
 603 2414.50516004713
 604 2418.50516004713
 605 2422.50516004713
 606 2426.50516004713
 607 2430.50516004713
 608 2434.50516004713
 609 2438.50516004713
 610 2442.50516004713
 611 2446.50516004713
 612 2450.50516004713
 613 2454.50516004713
 614 2458.50516004713
 615 2462.50516004713
 616 2466.50516004713
 617 2470.50516004713
 618 2474.50516004713
 619 2478.50516004713
 620 2482.50516004713
 621 2486.50516004713
 622 2490.50516004713
 623 2494.50516004713
 624 2498.50516004713
 625 2502.50516004713
 626 2506.50516004713
 627 2510.50516004713
 628 2514.50516004713
 629 2518.50516004713
 630 2522.50516004713
 631 2526.50516004713
 632 2530.50516004713
 633 2534.50516004713
 634 2538.50516004713
 635 2542.50516004713
 636 2546.50516004713
 637 2550.50516004713
 638 2554.50516004713
 639 2558.50516004713
 640 2562.50516004713
 641 2566.50516004713
 642 2570.50516004713
 643 2574.50516004713
 644 2578.50516004713
 645 2582.50516004713
 646 2586.50516004713
 647 2590.50516004713
 648 2594.50516004713
 649 2598.50516004713
 650 2602.50516004713
 651 2606.50516004713
 652 2610.50516004713
 653 2614.50516004713
 654 2618.50516004713
 655 2622.50516004713
 656 2626.50516004713
 657 2630.50516004713
 658 2634.50516004713
 659 2638.50516004713
 660 2642.50516004713
 661 2646.50516004713
 662 2650.50516004713
 663 2654.50516004713
 664 2658.50516004713
 665 2662.50516004713
 666 2666.50516004713
 667 2670.50516004713
 668 2674.50516004713
 669 2678.50516004713
 670 2682.50516004713
 671 2686.50516004713
 672 2690.50516004713
 673 2694.50516004713
 674 2698.50516004713
 675 2702.50516004713
 676 2706.50516004713
 677 2710.50516004713
 678 2714.50516004713
 679 2718.50516004713
 680 2722.50516004713
 681 2726.50516004713
 682 2730.50516004713
 683 2734.50516004713
 684 2738.50516004713
 685 2742.50516004713
 686 2746.50516004713
 687 2750.50516004713
 688 2754.50516004713
 689 2758.50516004713
 690 2762.50516004713
 691 2766.50516004713
 692 2770.50516004713
 693 2774.50516004713
 694 2778.50516004713
 695 2782.50516004713
 696 2786.50516004713
 697 2790.50516004713
 698 2794.50516004713
 699 2798.50516004713
 700 2802.50516004713
 701 2806.50516004713
 702 2810.50516004713
 703 2814.50516004713
 704 2818.50516004713
 705 2822.50516004713
 706 2826.50516004713
 707 2830.50516004713
 708 2834.50516004713
 709 2838.50516004713
 710 2842.50516004713
 711 2846.50516004713
 712 2850.50516004713
 713 2854.50516004713
 714 2858.50516004713
 715 2862.50516004713
 716 2866.50516004713
 717 2870.50516004713
 718 2874.50516004713
 719 2878.50516004713
 720 2882.50516004713
 721 2886.50516004713
 722 2890.50516004713
 723 2894.50516004713
 724 2898.50516004713
 725 2902.50516004713
 726 2906.50516004713
 727 2910.50516004713
 728 2914.50516004713
 729 2918.50516004713
 730 2922.50516004713
 731 2926.50516004713
 732 2930.50516004713
 733 2934.50516004713
 734 2938.50516004713
 735 2942.50516004713
 736 2946.50516004713
 737 2950.50516004713
 738 2954.50516004713
 739 2958.50516004713
 740 2962.50516004713
 741 2966.50516004713
 742 2970.50516004713
 743 2974.50516004713
 744 2978.50516004713
 745 2982.50516004713
 746 2986.50516004713
 747 2990.50516004713
 748 2994.50516004713
 749 2998.50516004713
 750 3002.50516004713
 751 3006.50516004713
 752 3010.50516004713
 753 3014.50516004713
 754 3018.50516004713
 755 3022.50516004713
 756 3026.50516004713
 757 3030.50516004713
 758 3034.50516004713
 759 3038.50516004713
 760 3042.50516004713
 761 3046.50516004713
 762 3050.50516004713
 763 3054.50516004713
 764 3058.50516004713
 765 3062.50516004713
 766 3066.50516004713
 767 3070.50516004713
 768 3074.50516004713
 769 3078.50516004713
 770 3082.50516004713
 771 3086.50516004713
 772 3090.50516004713
 773 3094.50516004713
 774 3098.50516004713
 775 3102.50516004713
 776 3106.50516004713
 777 3110.50516004713
 778 3114.50516004713
 779 3118.50516004713
 780 3122.50516004713
 781 3126.50516004713
 782 3130.50516004713
 783 3134.50516004713
 784 3138.50516004713
 785 3142.50516004713
 786 3146.50516004713
 787 3150.50516004713
 788 3154.50516004713
 789 3158.50516004713
 790 3162.50516004713
 791 3166.50516004713
 792 3170.50516004713
 793 3174.50516004713
 794 3178.50516004713
 795 3182.50516004713
 796 3186.50516004713
 797 3190.50516004713
 798 3194.50516004713
 799 3198.50516004713
 800 3202.50516004713
 801 3206.50516004713
 802 3210.50516004713
 803 3214.50516004713
 804 3218.50516004713
 805 3222.50516004713
 806 3226.50516004713
 807 3230.50516004713
 808 3234.50516004713
 809 3238.50516004713
 810 3242.50516004713
 811 3246.50516004713
 812 3250.50516004713
 813 3254.50516004713
 814 3258.50516004713
 815 3262.50516004713
 816 3266.50516004713
 817 3270.50516004713
 818 3274.50516004713
 819 3278.50516004713
 820 3282.50516004713
 821 3286.50516004713
 822 3290.50516004713
 823 3294.50516004713
 824 3298.50516004713
 825 3302.50516004713
 826 3306.50516004713
 827 3310.50516004713
 828 3314.50516004713
 829 3318.50516004713
 830 3322.50516004713
 831 3326.50516004713
 832 3330.50516004713
 833 3334.50516004713
 834 3338.50516004713
 835 3342.50516004713
 836 3346.50516004713
 837 3350.50516004713
 838 3354.50516004713
 839 3358.50516004713
 840 3362.50516004713
 841 3366.50516004713
 842 3370.50516004713
 843 3374.50516004713
 844 3378.50516004713
 845 3382.50516004713
 846 3386.50516004713
 847 3390.50516004713
 848 3394.50516004713
 849 3398.50516004713
 850 3402.50516004713
 851 3406.50516004713
 852 3410.50516004713
 853 3414.50516004713
 854 3418.50516004713
 855 3422.50516004713
 856 3426.50516004713
 857 3430.50516004713
 858 3434.50516004713
 859 3438.50516004713
 860 3442.50516004713
 861 3446.50516004713
 862 3450.50516004713
 863 3454.50516004713
 864 3458.50516004713
 865 3462.50516004713
 866 3466.50516004713
 867 3470.50516004713
 868 3474.50516004713
 869 3478.50516004713
 870 3482.50516004713
 871 3486.50516004713
 872 3490.50516004713
 873 3494.50516004713
 874 3498.50516004713
 875 3502.50516004713
 876 3506.50516004713
 877 3510.50516004713
 878 3514.50516004713
 879 3518.50516004713
 880 3522.50516004713
 881 3526.50516004713
 882 3530.50516004713
 883 3534.50516004713
 884 3538.50516004713
 885 3542.50516004713
 886 3546.50516004713
 887 3550.50516004713
 888 3554.50516004713
 889 3558.50516004713
 890 3562.50516004713
 891 3566.50516004713
 892 3570.50516004713
 893 3574.50516004713
 894 3578.50516004713
 895 3582.50516004713
 896 3586.50516004713
 897 3590.50516004713
 898 3594.50516004713
 899 3598.50516004713
 900 3602.50516004713
 901 3606.50516004713
 902 3610.50516004713
 903 3614.50516004713
 904 3618.50516004713
 905 3622.50516004713
 906 3626.50516004713
 907 3630.50516004713
 908 3634.50516004713
 909 3638.50516004713
 910 3642.50516004713
 911 3646.50516004713
 912 3650.50516004713
 913 3654.50516004713
 914 3658.50516004713
 915 3662.50516004713
 916 3666.50516004713
 917 3670.50516004713
 918 3674.50516004713
 919 3678.50516004713
 920 3682.50516004713
 921 3686.50516004713
 922 3690.50516004713
 923 3694.50516004713
 924 3698.50516004713
 925 3702.50516004713
 926 3706.50516004713
 927 3710.50516004713
 928 3714.50516004713
 929 3718.50516004713
 930 3722.50516004713
 931 3726.50516004713
 932 3730.50516004713
 933 3734.50516004713
 934 3738.50516004713
 935 3742.50516004713
 936 3746.50516004713
 937 3750.50516004713
 938 3754.50516004713
 939 3758.50516004713
 940 3762.50516004713
 941 3766.50516004713
 942 3770.50516004713
 943 3774.50516004713
 944 3778.50516004713
 945 3782.50516004713
 946 3786.50516004713
 947 3790.50516004713
 948 3794.50516004713
 949 3798.50516004713
 950 3802.50516004713
 951 3806.50516004713
 952 3810.50516004713
 953 3814.50516004713
 954 3818.50516004713
 955 3822.50516004713
 956 3826.50516004713
 957 3830.50516004713
 958 3834.50516004713
 959 3838.50516004713
 960 3842.50516004713
 961 3846.50516004713
 962 3850.50516004713
 963 3854.50516004713
 964 3858.50516004713
 965 3862.50516004713
 966 3866.50516004713
 967 3870.50516004713
 968 3874.50516004713
 969 3878.50516004713
 970 3882.50516004713
 971 3886.50516004713
 972 3890.50516004713
 973 3894.50516004713
 974 3898.50516004713
 975 3902.50516004713
 976 3906.50516004713
 977 3910.50516004713
 978 3914.50516004713
 979 3918.50516004713
 980 3922.50516004713
 981 3926.50516004713
 982 3930.50516004713
 983 3934.50516004713
 984 3938.50516004713
 985 3942.50516004713
 986 3946.50516004713
 987 3950.50516004713
 988 3954.50516004713
 989 3958.50516004713
 990 3962.50516004713
 991 3966.50516004713
 992 3970.50516004713
 993 3974.50516004713
 994 3978.50516004713
 995 3982.50516004713
 996 3986.50516004713
 997 3990.50516004713
 998 3994.50516004713
 999 3998.50516004713
 1000 4002.50516004713


